000000000000000000000000000000000000000
000000000000000000000000001000000000000
000000000000000000000000101000000000000
000000000000011000000011000000000000110
000000000000100010000011000000000000110
011000000001000001000011000000000000000
011000000001000101100000101000000000000
000000000001000001000000001000000000000
000000000000100010000000000000000000000
000000000000011000000000000000000000000
000000000000000000000000000000000000000
000000000000000000000000000000000000000
000000000000000000000000000000000000000